 #  typed ident        identifier           coord1 (ICRS,J2000/2000)      plx   Mag B  Mag V    spec. type
--- ----------- ------------------------- ----------------------------- ------- ------ ------ ---------------
1   hd1100      HD 1100                   00 15 16.26710 -06 08 17.5631    7.12  8.77   7.76  K0
2   hd1293      HD 1293                   00 17 05.54951 -01 39 10.8464    6.31  9.14   8.37  G5
3   hd1384      HD 1384                   00 18 12.13939 +52 24 45.1793    9.34  9.130  8.100 G5
4   hd1502      HD 1502                   00 19 17.06606 +14 03 17.1143    6.28  9.290  8.350 K0
5   hd2946      HD 2946                   00 32 35.10980 -18 06 32.8405    7.41  8.81   8.07  G6IV/V
6   hd3458      HD 3458                   00 37 22.94768 -19 33 54.0878    3.53  9.16   8.25  G8III/IV
7   hd4313      HD 4313                   00 45 40.35839 +07 50 42.0757    7.30  8.788  7.82  G5
8   hd4395      HD 4395                   00 46 13.74911 -11 27 08.5603   10.56  8.39   7.68  G5
9   hd4406      HD 4406                   00 46 51.74062 +46 21 49.0149    7.37  8.20   7.48  G5
10  hd4917      HD 4917                   00 51 06.27548 -12 55 39.3764    7.44  9.08   8.04  K0III/IV
11  hd5891      HD 5891                   01 00 33.19204 +20 17 32.9381    3.98  9.11   8.11  G5
12  hd6019      HD 6019                   01 01 39.61437 +07 18 19.0561    7.46  8.60   7.72  G0
13  hd6030      HD 6030                   01 01 42.88917 +09 44 45.6810    9.08  8.81   7.86  G5
14  hd6628      V* CSCet                 01 06 49.02641 -22 51 21.2270    8.82  8.63   7.79  K0IV(e)
15  hd7530      HD 7530                   01 15 08.03503 -22 53 58.0917    6.38  9.21   8.31  G8IV
16  hd7931      HD 7931                   01 18 32.24900 -28 43 58.6366    8.06  8.93   7.91  K0IV-V
17  hd7980      HD 7980                   01 19 24.13620 +18 08 15.9745    7.51  8.69   7.65  K0
18  hd8375      HD 8375                   01 23 37.47635 +34 14 45.1953   17.65  7.12   6.29  G8IV
19  hd8407      HD 8407                   01 23 02.61372 -16 33 37.1215   10.39  8.67   7.76  G7III/IV
20  hd8508      HD 8508                   01 24 42.94048 +36 03 50.0519    5.61  8.890  7.870 G5
21  hd9156      HD 9156                   01 30 18.72344 +11 05 27.2305    4.03  9.42   8.42  K0
22  hd9218      HD 9218                   01 30 13.87107 -28 51 55.5690    6.74  8.97   7.95  K0III
23  hd9313      V* BFPsc                 01 31 54.85735 +16 02 49.0447    9.03  8.77   7.81  G5
24  hd9554      HD 9554                   01 33 15.87780 -25 40 01.9202    5.38  9.33   8.35  G8III
25  hd9625      HD 9625                   01 34 16.34482 -06 16 21.3278    3.13  9.37   8.38  G5
26  hd10011     HD 10011                  01 37 26.07704 -15 59 51.6585    7.68  8.88   7.99  G8IV
27  hd10212     HD 10212                  01 40 49.69549 +45 01 08.2558    7.70  9.10   8.13  K0III
28  hd10245     HD 10245                  01 40 23.55526 +07 05 11.7027    6.84  9.22   8.22  K0
29  hd10383     HD 10383                  01 41 08.96722 -09 58 06.8723    5.86  9.32   8.28  K0
30  hd10479     HD 10479                  01 42 03.43641 -04 56 40.1213    3.59  9.74   8.76  G5
31  hd10823     HD 10823                  01 45 57.70558 -04 13 43.2197    7.55  8.95   8.10  G5
32  hd10909     V* UVFor                 01 46 41.64769 -24 00 50.3112    7.41  9.05   8.064 K0IV
33  hd11288     HD 11288                  01 50 20.30660 -23 46 18.7233    5.52  9.29   8.417 G8III
34  hd11970     HD 11970                  01 58 24.30546 +40 54 49.2013    7.71  9.07   8.23  G5
35  hd12137     HD 12137                  02 00 21.47191 +44 06 09.7451    7.29  8.666  7.662 G9III
36  hd12164     HD 12164                  01 59 46.59787 +15 57 28.3792    7.48  8.77   8.03  G0
37  hd13167     HD 13167                  02 08 13.78193 -24 41 43.4671    8.55  8.99   8.33  G3V
38  hd14787     HD 14787                  02 23 14.05323 +10 50 12.2854    8.19  8.56   7.64  G5
39  hd15336     HD 15336                  02 27 44.92518 -11 58 44.5007    5.06  9.69   8.92  G5IV
40  hd15391     HD 15391                  02 28 19.06731 -11 42 58.8480    3.69  9.57   8.62  G8III/IV
41  hd15928     HD 15928                  02 33 15.40140 -14 21 45.9012    9.88  8.58   7.81  G8V
42  hd16175     HD 16175                  02 37 01.91096 +42 03 45.4754   17.28  7.92   7.28  G0
43  hd16178     HD 16178                  02 36 11.96153 +15 08 55.3242    4.38  9.45   8.40  K0
44  hd16984     HD 16984                  02 43 48.20315 +12 01 46.9895    7.58  9.18   8.22  K0
45  hd17311     HD 17311                  02 46 31.83549 -08 01 41.0848    6.78  9.12   8.20  G5
46  hd17620     HD 17620                  02 48 55.78277 -24 36 35.2770    4.85  9.01   8.19  G8IV
47  hd18015     HD 18015                  02 53 27.20685 -08 50 52.8763    8.34  8.57   7.90  G0
48  hd18645     V* FUCet                 02 59 53.170 -00 40 46.99        8.75  8.61   7.86  G2III-IV
49  hd18667     HD 18667                  03 00 08.19669 +00 14 07.5359    7.93  9.27   8.30  G8V
50  hd18742     HD 18742                  03 00 10.65640 -20 48 09.3827    7.39  8.740  7.81  G9IV
51  hd19522     HD 19522                  03 08 01.27845 -12 02 28.7724    8.06  8.82   8.11  G3V
52  hd19659     HD 19659                  03 08 42.48712 -35 25 58.4344   10.47  7.79   7.10  G3V
53  hd21340     HD 21340                  03 25 36.49023 -27 16 20.9636    7.39  8.35   7.39  K0III
54  hd21449     HD 21449                  03 28 57.22900 +40 11 11.2865    6.15  8.41   7.32  G5
55  hd21581     HD 21581                  03 28 54.486 -00 25 03.11        4.03  9.54   8.71  G0
56  hd22233     HD 22233                  03 34 20.11767 -14 42 37.6131    6.01  8.84   7.93  G8IV
57  hd22657     HD 22657                  03 38 20.46528 -11 12 05.2622    8.09  8.81   7.82  G5
58  hd22682     HD 22682                  03 39 17.05325 +13 53 29.3669   13.89  7.570  6.670 G5
59  hd22844     HD 22844                  03 42 54.79634 +56 24 18.5656    9.81  9.00   8.12  K0III-IV
60  hd23134     HD 23134                  03 42 01.95588 -21 14 14.1116    6.00  9.31   8.31  K0IV
61  hd23825     HD 23825                  03 48 21.93688 +10 47 35.0288    9.18  8.69   7.92  G3IV
62  hd24148     HD 24148                  03 50 10.37321 -16 46 30.9482    5.57  9.10   8.13  K2III
63  hd24316     HD 24316                  03 51 32.60740 -17 09 59.3582    5.58  8.75   7.70  K0III
64  hd24365     HD 24365                  03 53 37.74414 +28 08 53.2061   10.07  8.70   7.87  G8V
65  hd25622     HD 25622                  04 03 15.77254 -21 25 02.7557    6.54  8.56   7.62  K0III
66  hd25975     * 49Per                  04 08 15.38796 +37 43 38.9810   22.68  7.04   6.09  K1III
67  hd26007     HD 26007                  04 06 11.42299 -23 16 47.3406    4.78  9.40   8.39  K0III/IV
68  hd26634     HD 26634                  04 12 11.19676 -13 38 13.8204    6.13  8.94   7.99  G8III/IV
69  hd27297     HD 27297                  04 18 44.16674 +03 08 56.5603    7.47  9.12   8.24  G5
70  hd27956     HD 27956                  04 24 10.09496 -16 02 30.6586    6.90  9.06   8.07  K0III/IV
71  hd28678     HD 28678                  04 31 25.45534 +04 34 31.0714    4.41  9.43   8.440 K0
72  hd28737     HD 28737                  04 31 44.63815 -01 21 09.3418    5.80  9.27   8.23  G5
73  hd30090     HD 30090                  04 46 26.92126 +42 20 54.8175   14.91  7.23   6.53  Gv...
74  hd30128     HD 30128                  04 44 03.13981 -21 06 24.9619    4.12  9.26   8.26  K0III
75  hd30166     HD 30166                  04 48 38.44102 +58 23 23.0370    7.27  8.70   7.67  K0III
76  hd30856     HD 30856                  04 50 17.86200 -24 22 07.8296    8.47  8.872  7.911 K0III
77  hd30882     HD 30882                  04 53 50.36856 +47 57 22.5976    6.43  9.35   8.35  K0
78  hd31018     HD 31018                  04 53 22.04476 +24 10 38.5129   11.38  8.28   7.62  F8
79  hd31451     HD 31451                  04 57 50.60146 +39 37 56.5421    7.69  9.03   8.07  G5
80  hd31543     HD 31543                  04 56 24.79372 -07 01 23.5096    5.57  8.89   8.15  G5
81  hd31693     HD 31693                  04 57 48.38298 -04 39 17.8327    6.80  8.61   7.67  G5
82  hd33142     HD 33142                  05 07 35.54144 -13 59 11.3223    7.94  8.905  7.96  K0III
83  hd33240     HD 33240                  05 07 38.55961 -28 58 38.8335    6.43  9.29   8.23  K0III
84  hd33298     HD 33298                  05 11 02.31518 +39 16 55.4091   -1.11  9.03   8.28  G5
85  hd33844     HD 33844                  05 12 36.10097 -14 57 04.0084    9.91  8.33   7.29  K0III
86  hd34538     HR 1737                   05 17 40.24172 -13 31 11.3787   20.40  6.422  5.493 G8IV
87  hd34909     HD 34909                  05 20 37.47725 -05 49 21.5076    7.53  8.93   8.00  G5
88  hd37445     HD 37445                  05 38 05.43757 -14 45 22.1523    4.46  9.33   8.32  G8III
89  hd37601     * 24Cam                  05 43 01.67370 +56 34 53.4850   16.90  7.004  6.051 K0III
90  hd38505     HD 38505                  05 46 44.54555 +11 03 01.4981    8.94  8.56   7.63  G5
91  hd39142     HD 39142                  05 50 38.38783 +01 41 58.8265    4.69  8.99   7.94  K2
92  hd39731     HD 39731                  05 54 35.82604 +05 21 13.2835    7.24  9.12   8.26  G5
93  hd39828     HD 39828                  05 55 39.03928 +13 00 06.7810    7.85  8.71   7.69  G5
94  hd40537     HD 40537                  05 58 35.44130 -21 32 38.0180   12.97  8.22   7.31  K0V
95  hd45210     HD 45210                  06 26 55.03170 +17 27 05.6775    7.63  8.38   7.71  G0
96  hd45410     * 6Lyn                   06 30 47.10797 +58 09 45.4809   17.92  6.82   5.88  K0III-IV
97  hd45506     HR 2340                   06 28 28.05279 +16 14 18.1897   14.51  7.120  6.246 G5
98  hd47562     HD 47562                  06 38 16.18375 -22 46 03.2055    4.77  9.14   8.25  G8IV
99  hd48122     HD 48122                  06 42 15.99831 +12 00 28.5514    6.25  8.84   7.99  G5
100 hd50275     HD 50275                  06 53 26.21472 +21 43 05.6046    6.21  9.29   8.28  K0
101 hd51272     HD 51272                  06 58 22.82475 +37 59 16.7299    5.73  8.77   7.79  K0
102 hd60803     HR 2918                   07 36 34.70611 +05 51 43.8154   25.44  6.467  5.916 G0V
103 hd64413     HD 64413                  07 53 51.78426 +00 19 53.2445    4.35  9.24   8.24  K0IV
104 hd64730     HD 64730                  07 55 45.42670 +13 19 54.7587    5.79  8.77   7.97  G5
105 hd72003     HD 72003                  08 33 05.32901 +55 21 17.1235    7.20  8.65   7.66  K1III-IV
106 hd72440     HD 72440                  08 35 01.08098 +50 28 19.2142    6.49  8.99   8.28  G5
107 hd72490     HD 72490                  08 33 36.65205 +13 33 02.8368    7.63  8.74   7.83  G5
108 hd74390     HD 74390                  08 45 21.40809 +42 24 13.8245    6.08  9.20   8.19  G8III
109 hd76445     HD 76445                  08 56 45.98958 +17 28 52.8612   11.22  8.59   7.64  G5
110 hd77172     HD 77172                  09 02 51.79736 +52 17 08.9740    7.59  9.07   8.08  K0
111 hd77818     HD 77818                  09 07 26.13911 +58 52 30.1925    7.98  8.62   7.63  K1IV
112 hd80811     HD 80811                  09 22 12.95962 +12 32 56.7615    8.47  9.22   8.35  K0
113 hd82074     HR 3762                   09 29 32.41575 -04 14 47.8878   17.97  7.066  6.260 G6IV
114 hd82886     HD 82886                  09 35 45.18274 +34 46 50.6731    7.97  8.493  7.63  G0
115 hd83024     HD 83024                  09 35 40.46108 +02 38 14.7315    8.21  8.92   7.90  K0
116 hd83394     HD 83394                  09 39 59.09108 +53 29 49.0674    9.35  8.36   7.44  K0
117 hd83752     HD 83752                  09 40 31.79262 -01 43 48.3361    8.64  8.15   7.54  G5
118 hd85440     HD 85440                  09 52 28.69287 +27 46 26.6044    8.86  8.69   7.81  G8III
119 hd85472     HD 85472                  09 53 57.95598 +57 41 01.3326   13.72  8.25   7.45  G8IV
120 hd87230     HD 87230                  10 03 12.54343 -20 55 51.1050    8.14  8.74   7.79  K0III/IV
121 hd87669     HD 87669                  10 06 37.56331 +06 54 19.9680    6.43  9.22   8.19  K2
122 hd88134     HD 88134                  10 10 07.51545 +16 30 59.8492    6.63  9.29   8.31  G5
123 hd88654     HD 88654                  10 13 16.42756 -08 26 43.9874   10.63  8.55   7.68  G5V
124 hd89391     HD 89391                  10 18 25.10786 -26 30 01.2309    9.31  8.88   7.95  K0V
125 hd90043     * 24Sex                  10 23 28.370 -00 54 08.09       12.91  7.400  6.441 G5
126 hd90792     HD 90792                  10 28 46.31455 -14 27 56.3429    5.54  9.23   8.17  K0III
127 hd93396     HD 93396                  10 46 49.74065 -09 23 56.4870    9.76  8.87   8.04  K0
128 hd93461     HD 93461                  10 47 21.58782 -01 43 29.6896    7.62  9.20   8.26  K0
129 hd93864     HD 93864                  10 49 58.51142 -07 28 56.6867    9.20  8.89   8.00  K0
130 hd94834     HD 94834                  10 57 15.11291 +24 08 34.0181   10.88  8.60   7.61  K1IV
131 hd95089     HD 95089                  10 58 47.73629 +01 43 45.1758    7.19  8.897  7.95  K0
132 hd95526     HD 95526                  11 02 08.57791 +43 43 16.0000    6.73  9.30   8.32  K0
133 hd96063     HD 96063                  11 04 44.45463 -02 30 47.5867    6.33  9.09   8.254 K0
134 hd96683     HD 96683                  11 07 59.12143 -23 51 30.4801    6.11  9.22   8.20  K0III
135 hd97601     HD 97601                  11 14 33.39339 +52 56 48.8510    8.90  8.34   7.45  G5
136 hd98219     HD 98219                  11 17 47.55292 -23 58 31.4981    7.45  8.992  8.03  K0III/IV
137 hd99706     HD 99706                  11 28 30.21370 +43 57 59.6902    7.76  8.646  7.64  K0
138 hd100337    HD 100337                 11 33 04.12931 +39 19 18.0218    6.40  8.89   7.93  K0
139 hd102329    HD 102329                 11 46 46.64518 +03 28 27.4563    6.33  8.93   7.89  K0
140 hd102444    HD 102444                 11 47 31.46189 -05 15 49.0306    9.19  8.78   7.95  K0
141 hd102956    HD 102956                 11 51 22.51215 +57 38 26.6463    7.92  8.825  7.851 K0III
142 hd103616    HD 103616                 11 55 51.38209 -21 39 33.9701    9.72  8.52   7.67  G8IV
143 hd104017    HD 104017                 11 58 45.18994 +37 52 37.9908    9.16  8.87   7.84  K2III
144 hd106270    HD 106270                 12 13 37.28529 -09 30 48.1691   11.78  8.319  7.58  G5
145 hd106279    HD 106279                 12 13 34.64540 +30 33 44.8396    4.68  9.34   8.39  K0III-IV
146 hd107990    HD 107990                 12 24 32.59114 +04 19 52.2129    3.54  8.94   7.95  K0
147 hd108189    HD 108189                 12 25 40.583 -00 16 55.83        6.46  8.50   7.74  G5
148 hd108863    HD 108863                 12 30 19.91057 +21 56 53.6818    7.18  8.71   7.72  K0III-IV
149 hd109159    HD 109159                 12 32 41.22937 -17 13 14.4470    9.86  8.83   7.97  G6IV
150 hd109218    HD 109218                 12 33 08.40698 +01 02 38.3829   10.52  8.92   8.10  G5
151 hd109929    HD 109929                 12 38 25.48421 +14 52 20.6838   12.84  8.26   7.65  G0
152 hd112115    HD 112115                 12 53 55.42132 +24 38 09.2171    3.08  9.14   8.10  G9III
153 hd112973    HD 112973                 13 00 07.48423 +34 55 09.6621    8.44  8.52   7.61  K0IV-V
154 hd112988    HD 112988                 13 00 10.28745 +34 59 54.3031    7.80  8.680  7.760 G0
155 hd114161    HD 114161                 13 08 57.63559 -13 26 28.2653    5.49  9.07   8.04  K0III/IV
156 hd114659    HD 114659                 13 11 48.71344 +12 43 49.5838    4.84  9.31   8.31  K0
157 hd116029    HD 116029                 13 20 39.54263 +24 38 55.3080    8.12  8.89   7.89  K1IV
158 hd117623    HD 117623                 13 29 52.86685 +64 10 49.8253    4.95  7.81   7.04  G0
159 hd117762    HD 117762                 13 32 17.53224 +06 21 13.0815    6.81  8.73   7.91  K0
160 hd118082    HD 118082                 13 34 41.99125 -09 06 24.3485    6.94  9.07   8.03  K0
161 hd118744    HD 118744                 13 38 43.32228 +09 58 50.9517    5.52  8.88   7.85  K0
162 hd120531    HD 120531                 13 49 29.69937 +30 43 14.8766    7.81  8.90   7.98  K0IV
163 hd122253    HD 122253                 13 59 41.52088 +42 02 59.3031    9.88  8.700  7.800 K0
164 hd123239    HD 123239                 14 06 45.07486 -14 05 42.9589    5.15  9.47   8.40  K0III
165 hd124641    HD 124641                 14 13 47.64688 +41 11 15.3309    5.92  9.08   8.04  K2
166 hd125217    HD 125217                 14 18 26.26543 -19 33 44.7132    6.13  9.32   8.31  K0III
167 hd125390    HD 125390                 14 18 09.31927 +38 58 01.1210    5.15  9.17   8.22  G7III
168 hd125607    HD 125607                 14 19 27.20906 +37 36 35.8760    7.52  9.04   8.09  G7III
169 hd126991    HD 126991                 14 28 16.05178 +24 31 03.1582    9.91  8.70   7.90  G2V
170 hd127374    HD 127374                 14 31 18.55878 -11 52 12.6334    6.69  9.44   8.39  K0
171 hd128095    HD 128095                 14 34 17.37210 +28 29 09.5970    8.37  9.06   8.13  K1IV
172 hd128720    HD 128720                 14 38 05.76465 +12 48 13.0135    7.56  9.26   8.31  G0
173 hd131496    HD 131496                 14 53 23.02871 +18 14 07.4562    9.09  8.828  7.80  K0
174 hd133233    HD 133233                 15 03 20.44766 +04 50 02.8827    4.41  8.29   7.65  F5
175 hd136418    HD 136418                 15 19 06.18216 +41 43 59.5418   10.18  8.810  7.880 G5
176 hd136513    HD 136513                 15 20 51.94867 +07 40 57.7704    5.88  9.22   8.25  G5
177 hd140025    HD 140025                 15 39 45.22330 +44 18 40.2796    8.61  8.99   8.22  G5
178 hd141712    HD 141712                 15 48 13.39456 +50 57 16.3911    5.61  9.26   8.37  K0
179 hd142091    * kapCrB                 15 51 13.93127 +35 39 26.5671   32.79  5.82   4.82  K0III-IV
180 hd142245    HD 142245                 15 52 56.28123 +15 25 50.5463    9.13  8.492  7.45  K0
181 hd144363    HD 144363                 16 05 44.73905 -07 05 05.4792    7.07  9.23   8.24  K0
182 hd145428    HD 145428                 16 11 51.25355 -25 53 00.8606    7.62  8.77   7.75  K0III
183 hd146278    HD 146278                 16 13 51.44602 +40 20 55.7120    6.06  9.01   7.98  K0
184 hd150331    HR 6192                   16 41 45.45441 -33 08 44.7405   11.51  6.475  5.850 G3III
185 hd152581    HD 152581                 16 53 43.58257 +11 58 25.4822    5.39  9.251  8.35  K0
186 hd152733    HD 152733                 16 52 57.21534 +44 24 08.6411    6.92  9.11   8.10  G5
187 hd155413    HD 155413                 17 11 58.63542 -14 37 13.3644   12.30  7.94   7.26  G3III/IV
188 hd158038    HD 158038                 17 25 45.42917 +27 18 12.0265    9.65  8.515  7.464 K2II
189 hd158449    HD 158449                 17 29 09.54630 +06 08 54.4797    6.31  8.93   8.03  K0
190 hd160215    HD 160215                 17 36 31.69674 +44 43 24.1071    9.08  9.15   8.15  G5
191 hd163528    HD 163528                 17 54 00.72704 +49 47 42.5075    5.34  9.30   8.35  K0
192 hd166494    HD 166494                 18 07 29.42440 +56 48 06.8449    8.72  8.39   7.68  K0
193 hd167042    HD 167042                 18 10 31.64008 +54 17 11.5922   19.91  6.89   5.95  K1III
194 hd171264    HD 171264                 18 33 40.68477 +04 35 32.5447    8.34  8.92   8.10  K0
195 hd175541    HD 175541                 18 55 40.88420 +04 15 55.1741    7.87  8.90   8.00  G8V
196 hd178251    HD 178251                 19 08 56.26083 -28 44 27.7533    6.67  8.98   7.99  G8IV
197 hd180053    HD 180053                 19 13 36.21375 +34 54 52.3570    7.92  8.85   7.93  K0
198 hd180902    HD 180902                 19 19 17.70788 -23 33 29.3626    9.13  8.714  7.78  K0III/IV
199 hd181342    HD 181342                 19 21 04.23095 -23 37 10.4528    9.04  8.566  7.55  K0III
200 hd183473    HD 183473                 19 27 57.23999 +42 46 35.8960    9.14  8.608  7.88  G5
201 hd185269    HD 185269                 19 37 11.74092 +28 29 59.5055   19.89  7.238  6.683 G0IV
202 hd185351    HR 7468                   19 36 37.97691 +44 41 41.7658   24.49  6.105  5.180 G9IIIbCN...
203 hd187460    V* V2091Cyg              19 49 02.98595 +29 52 58.2702    5.66  9.20   8.32  K2II-III
204 hd188386    HD 188386                 19 54 47.78482 +05 42 10.2744    6.97  9.14   8.17  K0
205 hd192153    HD 192153                 20 13 59.69453 -17 40 34.1567    9.03  9.13   8.28  G8V
206 hd192699    HD 192699                 20 16 06.00508 +04 34 50.8537   15.24  7.290  6.449 G5
207 hd193342    HD 193342                 20 17 00.54452 +56 54 16.5204    5.69  9.06   8.08  K1III
208 hd193391    HD 193391                 20 19 37.30935 +13 00 38.7929    7.59  9.23   8.23  K0
209 hd194541    HD 194541                 20 25 04.04001 +32 28 06.6516    8.65  8.56   7.51  K0
210 hd195787    HD 195787                 20 30 34.54771 +58 17 14.0549    8.36  8.58   7.62  K0
211 hd195824    HD 195824                 20 33 37.14442 +01 16 09.3072    8.47  8.95   8.04  K0
212 hd196645    HD 196645                 20 38 20.92130 +13 19 53.0741   10.61  8.71   7.80  K0
213 hd197162    HD 197162                 20 40 36.92126 +37 23 50.8279    6.40  8.97   8.01  K0
214 hd198060    HD 198060                 20 47 29.95824 +09 51 51.6953    6.98  8.43   7.75  G5
215 hd198599    HD 198599                 20 51 47.29508 -10 19 02.1391    2.09  8.20   7.48  G0
216 hd200081    HD 200081                 21 01 22.41562 -02 30 50.4183    3.93  8.75   7.96  G0
217 hd200491    HD 200491                 21 02 55.90252 +28 59 05.4958    6.46  8.68   7.73  G8III
218 hd200964    HD 200964                 21 06 39.84239 +03 48 11.2280   13.85  7.379  6.487 K0
219 hd202696    HD 202696                 21 16 53.95293 +27 15 29.2399    7.52  9.23   8.22  K0III-IV
220 hd202867    HD 202867                 21 18 45.30982 -02 08 12.7883    8.06  9.00   8.12  G5
221 hd203471    HD 203471                 21 21 34.39177 +28 33 52.8449    6.52  9.07   8.33  G5V
222 hd205163    HD 205163                 21 33 39.41936 -06 22 25.8478    4.35  9.19   8.21  K0
223 hd206610    HD 206610                 21 43 24.90004 -07 24 29.7086    5.16  9.38   8.35  K0
224 hd206635    HD 206635                 21 43 25.33993 +01 48 03.2763    8.34  9.21   8.30  K0V
225 hd207077    HD 207077                 21 46 44.04673 -08 00 25.8620    7.33  9.11   8.27  G5
226 hd208585    HD 208585                 21 56 53.20536 +17 26 23.2208    6.88  8.94   8.00  K0
227 hd210011    HD 210011                 22 05 13.88627 +63 34 42.3023    5.23  7.76   6.94  G5
228 hd210521    HD 210521                 22 11 22.40403 -22 12 31.2340    6.07  8.98   8.11  K0III
229 hd210702    HR 8461                   22 11 51.33086 +16 02 25.9903   18.20  6.885  5.939 K1III
230 hd212771    HD 212771                 22 27 03.07104 -17 15 49.1569    7.63  8.48   7.60  G8IV
231 hd213278    HD 213278                 22 30 27.86359 -04 48 59.6509    7.44  8.90   8.07  G5
232 hd215049    HD 215049                 22 42 52.24593 -27 53 12.8100    8.90  9.15   8.27  G8IV
233 hd215549    HD 215549                 22 45 34.46819 +30 26 33.2019   16.67  7.30   6.38  K1III-IV
234 hd215908    HD 215908                 22 47 48.30408 +49 10 42.9520    6.26  8.90   8.02  K0
235 hd216834    HD 216834                 22 56 20.44289 -06 32 45.0138    6.09  8.98   8.13  G5
236 hd217496    HD 217496                 23 01 07.85967 -09 33 14.1016    8.76  8.77   7.86  K0
237 hd217591    HD 217591                 23 01 54.29403 -05 57 58.6401    8.04  8.78   7.87  G5
238 hd217681    HD 217681                 23 02 31.89289 -11 15 56.5105    9.21  8.73   7.75  K0
239 hd219553    HD 219553                 23 16 49.70520 -21 12 11.1305   11.35  8.29   7.25  K0III
240 hd220122    HD 220122                 23 21 13.72286 -12 49 47.5276    3.76  9.40   8.40  G8III/IV
241 hd220952    HD 220952                 23 27 58.12555 +23 35 12.2167    7.99  8.80   7.85  K1IV
242 hd221504    HD 221504                 23 32 50.66000 -21 41 15.6784   10.49  8.92   8.08  G9IV
243 hd222112    HD 222112                 23 37 52.89567 -05 58 42.1118    6.07  9.43   8.39  K0
244 hd223627    HD 223627                 23 51 10.67796 +44 32 51.7244    6.29  9.24   8.21  K0
245 hd224032    HD 224032                 23 54 36.37073 +05 03 23.7254    9.12  8.93   8.22  F8
246 hd224679    HD 224679                 23 59 49.11051 -02 06 45.3813    4.76  9.06   8.35  G5
247 hd225021    HD 225021                 00 02 40.08662 +51 28 20.6436    6.96  8.70   7.70  G5
248 hd236427    HD 236427                 00 29 54.05761 +59 15 17.5062    9.16  9.15   8.25  K0
249 hip43212    BD+15 1906                08 48 10.50447 +15 06 38.4056    3.83  9.37   8.34  G5
250 hip87123    BD+32 2987                17 48 01.07541 +32 39 21.0563    7.09  9.35   8.35  K0
