0 622.170
0 675.180
0 729.190
0 783.630
0 838.430
0 892.410
0 946.580
0 1002.510
0 1058.410
0 1114.060
0 1170.040
0 1225.760
0 1282.190
0 1338.720
0 1391.180
0 1395.790
0 1451.550
1 533.933
1 581.181
1 652.790
1 699.670
1 748.870
1 815.820
1 865.460
1 918.180
1 972.460
1 1027.930
1 1083.680
1 1139.180
1 1194.340
1 1250.480
1 1306.280
1 1363.540
1 1368.370
1 1417.670
1 1472.130
2 617.040
2 670.560
2 724.720
2 779.660
2 833.900
2 887.150
2 941.710
2 997.400
2 1053.520
2 1110.030
2 1165.920
2 1221.700
2 1278.200
2 1391.180
2 1395.790
2 1451.550
