0 569.359 Not fitted 0.699
0 574.516 Not fitted 0.699
0 624.970 0.180 OK
0 674.570 0.320 OK
0 723.520 0.330 OK
0 772.740 0.120 OK
0 823.180 0.180 OK
0 873.730 0.160 OK
0 924.010 0.160 OK
0 974.460 0.150 OK
0 1025.490 0.160 OK
0 1076.140 0.150 OK
0 1226.630 Not fitted 0.637
1 552.967 Not fitted 0.593
1 654.450 0.260 OK
1 694.130 0.110 OK
1 755.160 0.240 OK
1 799.540 0.170 OK
1 847.370 0.190 OK
1 894.000 0.190 OK
1 925.430 0.110 OK
1 954.110 0.110 OK
1 1000.370 0.210 OK
1 1050.230 0.250 OK
1 1100.020 0.230 OK
1 1147.480 Not fitted 0.797
1 1151.840 Not fitted 0.862
1 1226.630 Not fitted 0.637
2 569.359 Not fitted 0.699
2 620.600 0.190 OK
2 669.420 0.220 OK
2 718.890 0.230 OK
2 818.630 0.150 OK
2 868.860 0.180 OK
2 919.830 0.180 OK
2 970.140 0.120 OK
2 1020.290 0.220 OK
2 1072.120 0.280 OK
2 1123.710 Not fitted 0.785
2 1226.630 Not fitted 0.637
3 838.560 0.470 OK
3 888.010 0.370 OK
3 939.430 0.440 OK
