data from appourchaux (2012). l, freq (uHz), errp, errm
0 515.159 0.898 0.998
0 554.896 0.750 0.847
0 594.851 0.832 0.964
0 635.872 0.854 1.029
0 677.707 0.631 0.664
0 720.542 0.430 0.460
0 761.406 0.617 0.644
0 801.236 0.460 0.521
0 842.571 0.716 0.751
0 884.695 0.676 0.675
0 926.904 0.674 0.704
0 966.729 0.432 0.432
0 1008.191 1.030 1.065
1 497.417 0.413 0.461
1 535.467 0.548 0.547
1 574.884 0.510 0.537
1 616.271 0.583 0.583
1 659.448 0.457 0.483
1 699.337 0.372 0.338
1 740.189 0.390 0.420
1 781.366 0.478 0.478
1 821.304 0.494 0.467
1 863.283 0.564 0.531
1 906.191 0.586 0.553
1 948.677 0.583 0.582
1 990.946 0.423 0.455
2 549.930 1.048 0.994
2 590.101 1.087 0.930
2 631.710 0.911 0.910
2 673.375 0.930 0.878
2 714.813 0.885 0.785
2 755.444 0.775 0.774
2 796.314 0.838 0.732
2 837.143 1.043 1.042
2 878.519 1.377 1.222
2 920.884 1.426 1.319
2 963.606 1.182 1.227
2 1005.239 1.464 1.406
