appourchaux (2012). l, f, sig
0 561.117 0.259
0 609.718 0.163
0 658.498 0.355
0 706.164 0.194
0 754.359 0.126
0 803.714 0.093
0 853.473 0.123
0 903.104 0.151
0 952.668 0.191
0 1002.451 0.263
0 1052.268 0.416
0 1104.737 0.639
1 574.827 0.231
1 586.344 0.144
1 623.587 0.340
1 632.632 0.217
1 657.474 0.282
1 690.112 0.141
1 731.011 0.130
1 774.916 0.106
1 809.729 0.144
1 836.646 0.094
1 880.086 0.124
1 927.117 0.140
1 975.990 0.189
1 1025.152 0.241
1 1073.686 0.337
1 1119.196 0.381
2 653.068 0.350
2 701.490 0.344
2 749.720 0.253
2 799.480 0.148
2 849.042 0.183
2 898.478 0.250
2 948.528 0.323
2 997.886 0.396
2 1047.614 0.738
2 1097.643 0.705
