0 612.376 1.272
0 664.495 0.201
0 717.500 0.124
0 769.836 0.183
0 822.395 0.181
0 876.056 0.124
0 929.999 0.099
0 984.210 0.108
0 1037.893 0.212
0 1092.389 0.235
0 1146.166 0.582
0 1201.562 0.699
1 634.114 1.279
1 687.082 0.231
1 729.259 0.121
1 759.846 0.243
1 799.817 0.154
1 848.794 0.156
1 900.858 0.111
1 952.966 0.104
1 1002.165 0.100
1 1032.922 0.228
1 1067.347 0.194
1 1118.715 0.236
1 1172.303 0.353
1 1227.260 0.533
2 660.626 0.204
2 714.084 0.248
2 765.078 0.375
2 816.758 0.293
2 871.031 0.193
2 925.290 0.133
2 979.460 0.127
2 1033.639 0.932
2 1088.053 0.599
2 1141.055 1.333
2 1196.905 0.878
