0 571.580 Notfitted 0.700
0 628.566 0.283 OK
0 679.655 0.119 OK
0 729.203 0.173 OK
0 778.696 0.173 OK
0 830.027 0.142 OK
0 881.747 0.136 OK
0 933.089 0.153 OK
0 985.019 0.242 OK
0 1036.294 0.263 OK
0 1087.945 0.403 OK
0 1140.957 1.088 OK
0 1193.380 Notfitted 0.628
0 1240.840 Notfitted 0.869
0 1296.350 Notfitted 0.864
1 544.749 Notfitted 0.697
1 571.580 Notfitted 0.700
1 585.461 0.130 OK
1 612.258 0.192 OK
1 649.628 0.210 OK
1 692.135 0.145 OK
1 724.920 0.314 OK
1 759.883 0.098 OK
1 804.981 0.109 OK
1 853.894 0.105 OK
1 903.255 0.127 OK
1 950.341 0.140 OK
1 980.670 0.255 OK
1 1013.362 0.163 OK
1 1061.529 0.178 OK
1 1112.412 0.323 OK
1 1165.116 0.506 OK
1 1213.050 Notfitted 0.748
1 1219.290 Notfitted 0.862
1 1320.830 Notfitted 0.869
2 571.580 Notfitted 0.700
2 622.955 0.694 OK
2 725.384 0.659 OK
2 773.602 0.193 OK
2 825.606 0.143 OK
2 877.049 0.165 OK
2 928.254 0.217 OK
2 980.674 0.625 OK
2 1031.753 0.385 OK
2 1084.067 0.719 OK
2 1137.327 0.634 OK
2 1240.840 Notfitted 0.869
2 1388.240 Notfitted 0.786
