0 413.147 0.200 OK
0 446.449 0.393 OK
0 479.098 0.284 OK
0 516.398 0.310 OK
0 549.874 0.239 OK
0 583.720 0.348 OK
0 617.942 0.428 OK
0 653.254 1.635 OK
0 687.695 0.439 OK
0 723.255 0.625 OK
0 757.733 0.613 OK
0 792.253 0.913 OK
1 315.222 Not fitted 0.668
1 348.980 Not fitted 0.671
1 352.717 Not fitted 0.561
1 363.928 Not fitted 0.639
1 381.243 Not fitted 0.652
1 388.951 0.177 OK
1 408.133 0.352 OK
1 427.225 0.260 OK
1 454.955 0.279 OK
1 500.099 0.293 OK
1 527.848 0.189 OK
1 553.130 0.367 OK
1 575.171 0.256 OK
1 602.431 0.271 OK
1 633.892 0.355 OK
1 667.321 0.325 OK
1 693.198 0.487 OK
1 713.388 0.506 OK
1 741.307 0.648 OK
1 776.250 0.741 OK
1 810.797 0.523 OK
1 846.882 Not fitted 0.779
1 867.810 Not fitted 0.845
1 875.284 Not fitted 0.813
2 410.514 0.254 OK
2 443.130 0.476 OK
2 476.974 0.352 OK
2 512.200 0.565 OK
2 545.787 0.347 OK
2 578.508 0.809 OK
2 615.231 1.085 OK
2 650.747 0.529 OK
2 684.499 0.747 OK
2 719.579 1.459 OK
2 752.648 1.516 OK
2 787.795 1.225 OK
