0 743.501 0.095 OK
0 803.332 0.217 OK
0 861.330 0.127 OK
0 919.528 0.085 OK
0 979.033 0.084 OK
0 1038.730 0.063 OK
0 1098.265 0.066 OK
0 1157.937 0.133 OK
0 1217.826 0.206 OK
0 1278.207 0.303 OK
0 1400.570 Not fitted 0.617
1 727.466 0.052 0.691
1 782.275 0.043 OK
1 832.894 0.241 OK
1 888.712 0.091 OK
1 945.280 0.098 OK
1 1001.843 0.083 OK
1 1044.914 0.081 OK
1 1073.963 0.061 OK
1 1127.282 0.073 OK
1 1185.414 0.128 OK
1 1245.099 0.168 OK
1 1305.489 0.284 OK
1 1364.969 0.445 OK
2 736.722 0.070 Not detected
2 797.203 0.446 OK
2 856.538 0.154 OK
2 914.522 0.123 OK
2 973.600 0.138 OK
2 1032.870 0.093 OK
2 1093.268 0.081 OK
2 1153.257 0.122 OK
2 1212.986 0.205 OK
2 1274.186 0.393 OK
3 1055.426 0.256 OK
3 1177.944 0.577 OK
3 1235.932 0.638 OK
