freq (cd-1), err, freq (mHz), Amp (ms-1), err, phase
0.8675 0.0001 10.03 5.39 0.12
7.5427 0.0001 87.24 4.31 0.10
2.6971 0.0002 31.20 2.92 0.11
8.0404 0.0001 93.02 3.99 0.12
0.6806 0.0002 7.87 2.35 0.14
9.9971 0.0002 115.66 2.03 0.12
4.5330 0.0002 52.41 2.48 0.11
6.9571 0.0003 80.49 1.99 0.11
3.1520 0.0005 36.47 1.05 0.11
11.3124 0.0003 130.88 1.50 0.11
16.8300 0.0005 194.72 0.98 0.11
12.4984 0.0006 144.61 0.79 0.10
6.1863 0.0005 71.58 1.05 0.11
1.5158 0.0006 17.54 0.90 0.11
17.9305 0.0006 207.46 0.87 0.11
21.7746 0.0006 251.93 0.65 0.10
17.5591 0.0008 203.16 0.63 0.10

